25
643 107 745 136 95 127 612 522 455 489 390 342 226 699 74 938 213 612 453 660 831 852 173 606 124
602 87 10 993 429 998 861 785 438 18 40 91 806 313 924 504 648 360 554 9 619 907 141 161 102
440 617 579 974 831 103 478 23 282 23 123 842 893 131 530 329 394 297 968 75 106 807 978 98 344
130 592 68 325 296 392 778 552 786 65 325 903 103 864 25 723 194 239 553 390 126 251 630 343 599
839 820 363 213 910 220 786 716 919 381 751 466 377 264 137 910 428 699 245 858 426 109 376 541 503
786 476 32 671 660 941 608 647 8 608 368 662 506 792 634 362 596 205 883 506 385 204 739 716 668
41 982 666 751 186 812 840 59 255 197 470 392 971 384 85 14 802 124 453 731 911 62 91 327 687
976 930 816 258 672 498 421 199 173 152 846 984 912 661 505 175 690 501 814 30 909 237 485 335 337
762 928 956 900 393 723 359 667 759 844 672 656 123 541 379 980 274 735 694 564 814 601 304 173 295
900 1 718 751 990 886 658 448 280 758 86 742 125 725 624 839 239 550 12 882 777 578 37 424 31
541 968 912 717 443 669 275 507 136 439 16 273 462 752 886 422 767 671 535 532 832 162 400 3 273
436 138 4 751 529 949 142 340 747 775 316 865 460 643 93 169 264 628 698 468 687 621 162 957 600
583 337 859 637 663 900 754 399 601 113 895 552 258 230 296 765 948 28 135 660 728 872 375 272 644
272 52 805 477 235 2 222 864 748 343 888 889 604 94 260 727 852 250 478 525 451 659 14 16 543
358 756 360 10 73 686 77 560 605 127 702 483 70 46 9 86 471 755 765 541 208 37 769 797 125
659 494 390 835 620 485 149 556 372 596 191 644 308 757 554 545 725 619 330 472 44 657 74 151 443
437 416 430 736 943 108 319 733 669 200 15 158 424 326 45 369 736 850 382 943 614 266 678 103 280
391 960 252 343 131 140 509 873 473 726 916 395 54 285 411 256 282 24 147 290 113 393 34 62 500
614 662 814 662 318 533 280 63 158 293 714 897 955 476 325 588 427 410 650 189 551 558 266 768 82
553 399 129 101 844 83 331 660 234 645 581 632 824 998 997 665 116 97 6 566 235 196 883 720 839
875 701 585 993 976 575 803 750 15 758 605 216 830 499 165 51 168 554 46 609 588 481 721 7 958
953 18 702 197 621 51 382 57 791 858 851 796 838 498 579 687 662 413 52 98 277 377 484 933 358
368 525 675 585 688 806 522 766 154 217 352 764 92 416 52 326 487 463 559 818 328 94 493 837 712
991 680 694 178 16 344 100 925 969 32 683 221 267 249 187 329 224 356 536 6 206 334 304 618 638
553 64 825 638 812 634 129 628 155 767 201 791 381 939 534 888 692 840 10 651 241 57 558 799 131
